# massive backgame - seed positions (build_family_seeds.py, seed 1).
# One position per line: cube_value cube_owner board(26 ints).
# 60 from money/pasko benchmark decisions (with cube), 140 from piles / synthetic (cube centred).
2 opponent 0 1 -2 -3 -5 2 2 2 3 2 0 1 1 0 0 0 0 1 0 0 0 -1 -1 -1 -2 0
1 centered 0 0 0 0 1 2 2 1 1 -1 1 -1 -2 0 -2 0 0 -2 -2 -3 2 -2 2 2 0 1
1 centered 0 0 0 0 1 0 2 3 2 0 0 -1 -1 0 0 -3 -1 -2 -2 -3 2 2 0 2 -2 1
1 centered 0 -2 -2 0 0 -2 5 3 4 0 0 -1 -2 1 0 0 0 -2 2 -2 -2 0 0 0 0 0
2 opponent 0 2 0 -4 -2 -1 3 2 2 2 2 0 0 0 0 0 0 0 0 -2 -2 -1 -2 -1 1 1
2 player 0 -1 0 0 0 -2 3 1 2 0 0 0 -4 2 0 0 -1 -2 1 -3 -2 2 2 2 0 0
2 player 0 -1 0 -1 0 -1 3 1 2 0 0 0 -4 2 0 0 0 -3 0 -3 -2 0 1 3 3 0
2 opponent 0 1 -2 -3 -3 0 3 2 2 2 2 0 0 0 0 0 0 1 0 0 0 -2 1 -2 -3 1
2 player 0 0 0 -1 0 0 3 1 1 0 0 0 -1 2 0 -1 -1 -2 -2 -2 -2 -3 2 2 3 1
2 player 0 -2 0 0 0 -1 3 0 2 0 -1 0 -2 2 0 0 0 -2 -2 -3 2 2 -2 2 2 0
2 opponent 1 -3 2 2 2 -4 2 2 0 0 1 0 0 0 0 1 0 -2 -2 -3 2 0 1 0 0 0
2 opponent 0 0 -2 -2 -2 2 5 -1 2 0 1 0 -2 3 0 1 0 -2 -1 -3 0 0 0 0 1 0
1 centered 0 2 -2 0 -2 -2 3 3 2 1 3 0 1 0 0 0 -1 -2 -2 -3 0 -1 0 0 0 0
2 player 0 -1 0 -1 0 0 3 1 2 -1 0 0 -3 2 0 0 0 -1 -2 -4 -2 3 0 3 1 0
1 centered 1 0 0 0 1 -1 2 2 2 0 -1 -1 -3 0 0 1 0 -3 1 -5 2 2 0 2 0 0
2 opponent 1 -3 2 2 2 -4 2 1 0 0 0 0 0 1 0 1 0 -2 -2 -3 2 0 0 1 1 0
2 player 0 0 0 0 -1 0 2 1 2 0 0 0 -1 -1 0 -1 -2 -2 3 -4 -3 2 3 2 0 0
1 centered 0 1 -2 -2 3 -3 4 2 2 0 1 2 0 0 0 0 0 0 0 -1 -2 -2 -2 -1 0 0
2 opponent 0 -4 2 2 2 -5 3 2 0 0 0 0 2 0 1 0 1 0 -1 -2 -1 -2 0 0 0 0
2 opponent 0 -3 -4 2 2 3 3 2 3 0 0 0 0 0 0 0 0 0 0 0 0 0 0 -3 -5 0
1 centered 0 -1 -2 2 -1 -3 3 2 0 0 0 0 0 5 0 0 0 1 -2 -2 -2 -2 2 0 0 0
2 player 0 3 2 0 1 0 0 0 0 0 0 0 0 1 0 0 0 0 0 -3 -5 -7 3 2 3 0
1 centered 0 0 0 2 2 2 2 -1 0 0 0 0 0 0 0 0 1 -5 -2 -3 2 2 -2 2 -2 0
2 opponent 0 0 -2 -3 -2 3 4 -2 2 -1 2 0 1 0 0 1 0 -2 -1 -2 1 0 0 0 0 1
2 player 0 0 -1 0 1 1 1 -1 2 0 0 -1 0 2 0 -2 0 -2 -2 -4 -2 3 3 2 0 0
2 opponent 0 -2 -2 2 -2 6 2 2 2 0 -1 0 0 -1 0 0 0 0 0 -3 -2 -2 1 0 0 0
2 opponent 0 0 -2 -2 -3 3 4 1 2 0 1 0 -2 3 0 0 0 -2 -1 -2 0 -1 0 0 1 0
1 centered 0 -2 1 -2 -2 2 2 -2 2 0 5 0 2 0 0 -1 0 0 1 -2 -2 -2 0 0 0 0
2 player 0 -2 0 0 0 -1 3 1 2 0 0 0 -4 2 0 0 0 -2 0 -3 -1 1 -2 2 3 1
2 opponent 0 0 -2 -2 -2 2 5 -1 2 0 2 1 -2 2 0 0 0 -2 0 -2 -1 -1 0 1 0 0
2 player 0 1 -1 2 0 2 2 1 -1 -1 0 0 0 0 0 0 0 -2 -2 -2 -2 -2 -2 3 3 1
1 centered 0 -1 0 0 -2 1 3 -1 2 0 0 1 -1 0 0 0 -2 -3 -2 -3 3 2 0 3 0 0
2 player 1 0 1 0 -2 2 2 0 2 0 -2 0 0 0 0 1 -2 -3 -2 -3 2 2 0 3 0 0
2 player 0 0 -1 0 2 0 2 0 2 0 -1 1 0 2 0 0 0 -2 -3 -4 2 -2 2 -2 2 0
2 opponent 0 -4 2 2 4 -3 3 3 -1 0 0 0 0 0 -1 0 0 0 -2 -2 0 -2 0 0 0 1
1 centered 0 2 0 -2 -2 -3 2 0 4 0 0 2 -1 3 0 0 1 1 -2 -3 -2 0 0 0 0 0
1 centered 0 -2 -2 0 0 -2 5 -1 4 0 0 0 -2 4 0 0 0 -2 1 -2 -2 0 0 0 1 0
1 centered 0 0 0 0 2 2 2 0 0 0 1 0 0 -2 -1 -5 0 -2 2 -2 -2 2 2 -1 2 0
2 opponent 0 0 -2 -2 -3 2 5 -1 2 0 2 1 -1 2 0 0 0 -2 -1 -2 -1 1 0 0 0 0
1 centered 0 0 -1 -2 -2 -2 4 0 2 -2 0 1 -2 4 0 1 0 1 0 -3 2 -1 0 0 0 0
2 player 0 -1 -1 0 0 1 3 -1 2 0 0 0 -5 2 0 0 0 -2 0 -3 -2 0 0 3 3 1
1 centered 0 0 0 -2 -2 -2 5 2 3 -1 1 0 0 3 0 0 -2 0 0 -2 -2 -2 0 1 0 0
2 player 0 -2 0 0 -2 2 3 0 0 0 0 0 1 1 0 0 0 -2 -2 -2 -2 2 -2 -1 5 1
2 player 0 0 0 0 1 1 2 -1 2 0 0 0 -1 2 -1 -2 0 -2 -1 -5 -2 2 2 2 0 1
2 player 0 1 0 2 2 0 0 0 -1 0 0 0 0 -1 -1 0 -2 -3 -2 -2 -2 5 3 2 -1 0
2 player 0 0 1 0 2 2 0 0 0 -3 0 0 3 0 0 1 0 -2 -2 -3 -3 2 -2 2 2 0
1 centered 0 0 -1 0 1 1 2 -1 2 0 0 0 -2 2 -2 0 1 -3 -1 -3 2 -2 2 2 0 0
2 opponent 0 -4 2 2 2 -5 3 2 0 0 0 0 1 0 1 1 0 1 -2 -3 0 -1 0 0 0 0
2 player 0 0 0 0 2 0 -1 1 3 0 0 0 0 2 0 -3 0 0 -2 -4 -3 2 2 3 -2 0
2 player 0 -1 0 0 -2 0 3 -2 2 0 0 0 -1 2 0 0 0 -1 -2 -4 2 -2 3 1 2 0
2 player 0 3 1 2 2 -1 0 0 0 0 0 0 0 -1 0 0 0 -2 -2 -3 -2 -2 -2 4 3 0
1 centered 0 -2 0 0 0 -1 3 1 2 0 0 0 -3 2 0 0 0 -3 -2 -4 1 0 0 3 2 1
2 player 0 -1 0 0 0 0 3 1 2 0 -1 0 -3 2 0 -1 0 -2 0 -5 -2 0 2 2 3 0
2 opponent 0 0 -2 -2 -2 3 4 -2 2 2 2 0 0 -1 0 0 0 -2 -2 -2 0 1 0 0 1 0
1 centered 0 -1 0 -2 -2 -2 5 2 3 0 0 0 -2 3 1 0 0 0 0 -2 -2 -2 0 0 1 0
2 opponent 0 2 0 -3 -7 3 2 2 3 2 1 0 0 0 0 0 0 0 0 0 0 0 0 -3 -2 0
2 player 0 -1 -1 0 0 -1 3 2 2 0 -1 0 -2 0 0 0 0 0 -1 -2 3 -2 -2 -2 4 1
2 opponent 0 0 1 -3 -2 -2 3 2 2 2 2 0 0 0 0 0 -1 0 0 0 1 -2 1 -2 -3 1
2 opponent 0 1 -3 -2 -2 2 3 2 2 -1 2 1 -2 0 0 0 0 -2 1 -1 -1 -1 0 1 0 0
2 opponent 1 0 -2 -4 -2 2 3 2 2 -1 0 0 0 0 1 1 -2 -1 0 0 -1 1 1 2 -1 0
1 centered 0 1 -2 1 -2 -2 2 2 2 -2 2 -1 3 2 0 0 0 -1 -1 -2 -1 -1 0 0 0 0
1 centered 1 0 -2 -2 -2 2 5 3 1 0 0 0 -2 2 0 0 0 -2 2 -3 -1 0 0 0 0 0
1 centered 0 0 -3 -5 3 2 3 2 3 1 0 1 0 0 0 0 0 0 0 0 0 0 -2 -3 -2 0
1 centered 0 0 -1 0 -3 0 3 0 2 0 0 0 -2 2 0 -1 -1 -3 0 -4 1 2 1 1 2 1
1 centered 0 1 1 3 2 1 0 0 0 0 0 0 0 0 0 -1 -2 -2 -2 -3 -3 3 2 -2 2 0
1 centered 0 -2 -4 -2 4 3 3 2 2 0 0 0 0 1 -1 0 0 0 0 -2 -2 0 0 -2 0 0
1 centered 0 1 -4 -3 2 2 2 2 2 0 0 0 1 0 0 0 0 -1 1 0 -2 -2 -2 -1 1 1
1 centered 0 0 0 0 0 -2 3 -1 2 0 0 0 -4 2 0 0 -1 -2 1 -5 2 0 0 2 3 0
1 centered 0 5 -2 -2 -2 -2 -1 2 3 2 3 0 0 0 0 0 0 -1 0 -1 -1 0 -2 -1 0 0
1 centered 0 -2 0 2 -3 -3 5 0 4 0 0 0 0 2 0 0 0 -2 0 -2 -3 2 0 0 0 0
1 centered 0 3 -2 -2 -2 4 3 0 2 2 1 0 0 0 0 0 0 -2 0 -1 -1 -2 -1 -2 0 0
1 centered 1 0 0 1 2 1 3 0 0 0 0 -1 0 0 0 -1 -3 -2 -2 -3 2 3 1 -2 2 0
1 centered 0 0 0 2 2 0 3 0 0 0 0 0 0 0 0 0 0 -1 -2 -2 -2 -5 -3 3 5 0
1 centered 0 0 0 0 2 2 2 0 0 -1 0 -1 0 2 0 -2 0 -1 -2 -2 -2 3 -2 -2 2 2
1 centered 1 -2 1 -3 2 -3 6 0 2 0 1 0 -2 2 0 1 0 0 0 -3 0 -1 0 0 0 0
1 centered 0 -2 0 0 0 0 3 0 2 0 -1 0 -2 2 0 -1 0 1 -2 -3 -2 -2 2 1 3 1
1 centered 0 0 0 0 2 0 4 0 -1 1 0 0 0 0 0 0 0 0 1 -3 0 3 -4 3 -7 1
1 centered 0 1 0 -1 2 0 1 2 0 0 0 0 1 0 0 0 0 0 0 1 3 -2 -5 4 -4 0
1 centered 0 0 0 0 -1 -1 3 -1 2 0 0 0 -2 2 0 0 0 -2 -3 -4 -1 1 1 2 4 0
1 centered 0 0 0 0 2 1 2 0 2 0 0 1 0 0 0 0 0 0 0 -10 3 2 -2 2 -2 0
1 centered 0 0 0 0 0 0 3 0 2 0 0 0 0 2 0 0 0 -2 -3 -2 -3 -3 -2 3 4 1
1 centered 0 -4 -3 3 3 3 3 0 0 0 0 0 0 0 0 0 -1 -1 -1 -2 -2 -1 0 0 0 0
1 centered 1 2 -5 2 2 -3 2 3 2 1 0 0 0 0 0 1 0 -2 -2 -2 0 0 0 0 0 0
1 centered 0 -2 -2 3 2 -4 2 2 2 -1 2 0 0 0 0 0 -2 -2 0 -2 0 1 0 0 0 1
1 centered 0 0 -2 -2 2 -5 2 3 2 2 2 2 0 0 0 0 -1 -1 0 0 -2 -1 -1 0 0 0
1 centered 0 -1 0 0 0 0 3 -1 2 0 0 0 -5 2 0 0 0 -1 1 -5 -2 0 0 3 2 2
1 centered 1 -4 -4 2 2 2 2 2 1 0 1 0 -2 1 0 0 0 0 0 -2 1 -2 0 1 0 0
1 centered 0 0 0 0 2 3 2 1 0 0 0 1 -2 0 -3 0 0 0 -2 -4 2 -2 2 -2 2 0
1 centered 0 -3 -1 0 -1 -2 3 2 2 1 0 0 -3 3 0 0 0 -2 0 -2 3 -1 0 0 1 0
1 centered 0 0 0 -1 2 -2 2 -1 2 0 0 0 0 0 0 0 -1 -2 -2 -2 5 -2 -2 2 0 2
1 centered 0 2 0 2 2 2 0 0 0 0 0 0 0 0 0 1 0 0 -3 -2 -4 2 2 -6 2 0
1 centered 1 -1 0 1 0 0 2 1 2 0 -1 0 1 1 -2 0 -2 -2 0 -2 3 -2 -2 2 2 0
1 centered 0 0 0 0 1 2 2 3 1 0 0 0 0 0 0 0 0 0 0 -5 -5 2 2 -5 2 0
1 centered 0 -1 0 0 2 -1 2 0 0 0 0 -1 -1 2 0 0 0 -2 1 -3 -2 -2 -2 5 3 0
1 centered 0 -5 -2 0 3 2 4 2 1 0 0 0 -2 1 0 0 0 -1 1 -3 1 0 0 -1 -1 0
1 centered 0 0 1 1 -1 2 2 0 0 0 2 0 0 0 0 0 -2 -1 -3 -5 2 -2 2 2 -1 1
1 centered 1 1 0 3 1 1 1 0 1 0 1 0 0 0 0 0 -2 -2 -3 -4 2 -2 2 -1 2 0
1 centered 0 0 -2 -2 1 -2 5 4 2 0 2 -1 0 0 0 0 0 -1 -2 -3 0 -2 0 0 0 1
1 centered 0 0 -2 -2 -2 3 4 2 2 -2 1 1 0 2 0 0 0 0 0 -2 -3 0 -2 0 0 0
1 centered 0 0 0 2 1 2 2 0 0 0 0 0 0 0 0 0 -2 -2 -2 -2 -3 4 -2 4 -2 0
1 centered 0 0 0 0 0 0 3 -1 2 1 0 -1 -4 2 0 0 0 -2 -2 -4 3 -1 1 2 1 0
1 centered 0 2 2 2 0 0 0 0 0 0 0 0 1 0 -1 0 0 0 1 -3 -5 -6 2 2 2 1
1 centered 0 0 -2 -2 3 -3 4 2 2 2 0 0 0 0 1 0 -1 1 0 -1 -3 -2 -1 0 0 0
1 centered 0 0 0 0 2 0 2 1 1 1 0 0 -2 1 0 0 -3 -2 0 -2 4 2 -2 -2 -2 1
1 centered 0 -2 2 -2 -2 4 3 1 0 0 0 -2 0 0 2 0 -3 -2 -1 1 0 2 0 -1 0 0
1 centered 0 0 2 2 2 0 1 0 0 0 0 0 0 0 0 1 0 -2 -2 -6 0 3 2 2 -5 0
1 centered 1 0 -2 -2 -3 3 2 3 3 1 0 0 -2 2 1 0 0 0 0 -2 -1 -1 -1 0 0 0
1 centered 0 0 0 0 -2 0 3 -1 2 0 0 0 -2 2 0 -1 -1 -2 -2 -2 4 -2 2 1 1 0
1 centered 1 -1 0 1 -1 0 3 0 0 0 0 0 -5 2 0 0 0 -2 2 -5 2 0 3 1 1 0
1 centered 0 0 -2 -2 2 -2 3 2 2 -2 1 1 -1 2 0 -1 2 0 0 -4 -1 0 0 0 0 0
1 centered 0 0 0 2 1 2 2 0 0 0 0 1 0 0 0 0 0 0 -3 -6 -3 -3 3 2 2 0
1 centered 0 -2 2 -2 1 -2 5 0 6 0 0 0 1 0 0 -2 -1 -2 0 -2 -2 0 0 0 0 0
1 centered 0 0 -1 0 0 0 3 -2 2 0 1 0 0 2 0 0 0 -1 -3 -3 3 3 -1 -2 -2 1
1 centered 0 -2 -2 4 -2 2 4 0 0 0 0 0 0 0 0 0 -1 0 -2 -2 -2 -2 0 0 0 0
1 centered 0 3 2 0 -1 0 0 0 0 -1 0 0 0 -1 0 -2 0 -2 -2 -3 -3 6 2 2 0 0
1 centered 0 -4 -4 3 4 3 2 2 0 0 1 0 0 0 0 0 0 0 0 -3 -2 0 -1 0 -1 0
1 centered 0 -1 0 -1 1 2 3 0 -1 0 0 0 -1 2 0 0 0 -2 -2 -5 -2 3 2 0 1 1
1 centered 0 -1 2 -2 -2 -2 4 -1 2 2 2 2 0 0 0 0 0 -2 1 -3 0 -2 0 0 0 0
1 centered 0 1 0 0 2 2 2 0 0 0 0 0 0 1 1 -1 0 0 0 -4 2 -6 2 2 -4 0
1 centered 0 0 2 0 0 2 1 0 0 0 0 0 0 0 0 0 0 1 1 2 -2 -4 -4 2 4 0
1 centered 0 0 0 0 0 2 3 2 0 0 0 0 0 0 -2 0 1 -2 -3 -5 3 -1 -2 2 2 0
1 centered 0 0 0 0 0 2 3 -1 0 0 0 0 -2 2 -1 0 0 -2 0 -3 -3 2 -2 5 -1 1
1 centered 0 7 7 -2 -2 -2 0 0 0 0 0 -1 0 0 0 0 0 -1 0 -3 0 1 0 -2 -2 0
1 centered 0 4 -2 -2 -4 2 4 -2 3 1 1 0 0 0 0 0 0 -1 0 0 0 -2 -1 -1 0 0
1 centered 0 2 0 -2 -2 -2 5 5 0 0 0 0 -1 0 -1 0 -1 -3 3 -3 0 0 0 0 0 0
1 centered 0 -1 -4 2 2 -2 2 0 2 0 0 0 -3 3 1 0 0 1 -2 -3 0 0 0 0 2 0
1 centered 0 4 -2 -3 3 -2 5 2 0 0 -2 1 0 0 0 0 0 0 -1 -3 -2 0 0 0 0 0
1 centered 0 0 2 -2 -2 -2 4 2 0 0 2 0 -2 3 0 -1 2 0 0 -2 -2 -2 0 0 0 0
1 centered 0 0 -2 -2 0 -2 5 2 3 -1 0 0 -2 3 0 0 1 0 -1 -3 -2 0 1 0 0 0
1 centered 0 0 0 1 2 1 2 0 0 1 1 0 0 1 0 -2 0 0 -2 -5 2 -4 2 -2 2 0
1 centered 0 -1 0 0 0 -1 3 -1 2 0 0 0 -4 2 0 0 0 -3 0 -3 3 -2 2 2 1 0
1 centered 0 -1 0 0 2 0 -2 0 -1 0 0 0 0 0 0 1 -2 0 4 -3 -4 2 3 2 -2 1
1 centered 0 0 0 0 0 1 2 2 2 -1 0 -1 0 0 0 1 -3 -3 -2 -2 2 -2 2 2 -1 1
1 centered 0 0 2 2 0 0 3 0 0 1 0 0 0 0 0 0 0 0 0 -4 -3 -4 3 3 -4 1
1 centered 0 0 0 0 1 -2 2 0 2 -1 0 2 -2 0 0 0 -2 -2 -1 -3 -2 3 2 2 1 0
1 centered 0 0 -2 0 0 -1 3 -1 2 0 0 0 -3 1 0 0 0 -2 -2 -2 2 -2 1 4 2 0
1 centered 0 0 0 0 2 0 2 0 0 3 0 0 0 -1 0 0 0 -2 -3 -2 -3 -2 -2 4 4 0
1 centered 0 0 0 0 2 0 3 1 0 0 0 0 0 0 0 0 0 0 0 -4 -3 5 -5 -2 4 0
1 centered 0 0 0 2 -2 2 2 0 0 0 0 -1 -2 0 0 0 -2 0 -2 -3 -3 0 2 2 5 0
1 centered 0 4 0 3 0 0 0 0 0 0 0 0 0 0 0 0 0 -2 -2 -2 -2 -5 -2 5 3 0
1 centered 0 0 -2 3 3 -5 3 2 0 2 2 0 0 0 0 0 0 0 0 0 0 0 -3 -2 -3 0
1 centered 0 0 0 0 1 -3 2 -1 2 0 0 0 -4 2 0 0 0 -2 0 -3 -2 3 1 3 1 0
1 centered 0 0 0 0 1 2 2 1 2 0 0 0 0 0 0 -3 0 -2 -2 -3 -2 3 -3 2 2 0
1 centered 1 0 2 2 1 2 0 0 0 0 0 0 0 0 -1 -2 -2 -2 1 -2 3 -3 2 2 -2 0
1 centered 0 0 -2 -2 0 -2 6 2 2 0 1 0 -2 3 0 0 0 -2 1 -2 -1 -2 0 0 0 0
1 centered 0 0 0 -2 -2 -2 5 -2 3 0 0 1 3 2 0 0 0 -1 0 -3 0 -1 -2 0 1 0
1 centered 1 -1 -2 -1 2 -3 4 0 0 2 0 0 -2 2 0 0 1 0 1 -3 3 -2 0 0 0 0
1 centered 0 -2 1 5 -2 -2 2 4 3 0 0 0 0 0 0 0 0 0 0 -2 -1 -2 -2 -2 0 0
1 centered 0 -2 0 1 0 0 3 2 0 -1 0 0 0 0 0 0 0 -1 -2 -2 -3 3 -4 3 2 1
1 centered 0 1 2 2 0 0 0 0 0 0 1 0 1 0 0 0 0 1 -2 -3 -8 2 2 3 -2 0
1 centered 0 0 2 2 0 2 2 0 0 -1 0 0 0 0 0 0 0 0 -1 -6 3 2 -2 -3 -2 2
1 centered 0 0 -2 2 -2 -2 4 -2 2 0 0 1 -1 3 -1 0 2 0 -2 -3 1 0 0 0 0 0
1 centered 0 0 2 2 0 0 -1 0 0 -1 0 0 0 0 0 1 0 0 -2 -3 5 -5 -3 2 3 0
1 centered 0 -3 -3 -2 2 2 3 2 2 0 0 0 0 2 0 0 1 0 0 -1 0 -1 -2 -3 1 0
1 centered 1 0 0 0 2 2 2 0 0 0 -2 1 0 0 0 1 -2 -3 -2 -2 3 2 2 -1 -2 0
1 centered 0 0 0 0 1 0 3 0 0 1 0 0 -2 2 -1 -1 0 -2 -3 -4 3 2 -2 3 0 0
1 centered 1 -2 -2 3 -2 4 3 -3 2 0 0 0 0 1 -1 0 -1 1 0 -3 1 0 0 0 0 0
1 centered 0 -3 -2 3 2 -2 2 2 2 0 0 3 0 0 0 -1 0 0 -2 -3 -2 0 0 0 0 1
1 centered 0 -1 0 -1 0 -1 3 1 2 0 0 0 -3 2 0 0 0 -3 0 -4 -2 2 0 3 1 1
1 centered 0 -1 -1 -1 -2 -3 5 0 2 0 0 0 -1 2 0 1 0 -2 -1 -3 4 0 0 0 0 1
1 centered 0 0 1 -2 -2 -2 3 3 2 1 -2 3 0 0 -2 -1 1 1 -1 -1 0 0 -1 -1 0 0
1 centered 0 -2 -2 -1 -2 2 2 2 2 0 0 0 -3 2 1 0 0 -2 1 -3 2 0 1 0 0 0
1 centered 1 -2 -2 0 0 -2 5 -1 2 0 0 0 -2 5 0 0 0 -2 0 -3 1 0 0 0 2 0
1 centered 0 0 0 0 0 0 3 1 2 0 0 0 0 1 0 0 0 -2 -2 -2 -2 -4 -3 6 2 0
1 centered 0 0 0 1 -1 0 3 -1 2 0 0 0 0 -1 0 -2 -2 -2 -2 -2 -2 2 2 1 4 0
1 centered 0 0 0 0 0 -1 3 -2 2 0 0 0 -3 3 0 -1 0 -2 -1 -5 2 0 0 2 1 2
1 centered 0 4 5 -2 -2 -2 5 0 -1 0 -1 0 0 0 0 -2 0 0 0 -3 0 1 -2 0 0 0
1 centered 0 0 -5 -2 2 2 3 2 2 0 0 1 -2 1 0 1 0 0 0 -4 -1 1 -1 0 0 0
1 centered 0 -2 0 -4 2 2 -3 2 2 3 0 0 0 1 0 -2 0 0 0 -1 1 -1 -1 -1 1 1
1 centered 0 0 1 2 2 -2 2 0 0 0 -1 0 -2 2 0 0 0 -2 -2 -3 -2 2 -1 2 2 0
1 centered 0 5 -2 3 -2 -2 6 0 0 0 0 0 0 0 0 0 0 0 0 -2 -2 -2 -1 -2 0 0
1 centered 0 -1 -2 -1 2 -3 4 0 4 0 0 -1 0 0 1 0 0 -2 -2 -3 1 1 1 1 0 0
1 centered 0 -1 0 0 2 1 2 0 1 0 -1 0 -2 2 0 0 0 -2 -2 -3 -2 2 -2 2 2 1
1 centered 0 0 -2 7 -2 -2 5 0 3 0 0 -1 0 0 0 0 0 -1 0 -2 -2 -2 -1 0 0 0
1 centered 0 0 0 0 1 1 2 2 1 1 0 0 0 1 0 0 -2 -3 -1 -7 2 2 -2 2 0 0
1 centered 1 -1 -4 2 -2 2 2 2 2 1 0 0 2 0 0 0 0 -2 -2 -3 2 0 0 0 0 0
1 centered 0 -2 2 2 -5 2 3 3 0 2 0 0 -2 0 0 0 1 0 0 0 -2 0 -2 -2 0 0
1 centered 1 -1 -2 2 0 1 2 1 2 0 0 1 0 0 -1 0 0 -2 0 -4 -2 2 -2 2 2 0
1 centered 0 -2 -5 4 4 4 2 0 0 0 0 0 0 0 0 0 -1 0 0 0 1 0 -1 -3 -3 0
1 centered 0 2 0 2 -3 -4 2 2 0 -2 2 2 -2 0 2 0 1 -1 -1 -2 0 0 0 0 0 0
1 centered 0 -2 -1 -1 -2 -3 2 2 2 2 2 0 1 0 1 0 0 -2 0 -2 0 -2 1 0 0 2
1 centered 0 0 0 0 0 2 2 2 1 -1 0 0 0 0 0 -3 0 -3 0 -4 3 2 -3 2 -1 1
1 centered 0 0 0 0 1 -1 4 0 3 0 0 0 -1 0 0 0 0 0 -5 -2 -2 -2 -2 4 3 0
1 centered 0 0 0 2 0 -1 2 -1 2 0 -2 0 0 -2 -2 1 2 -3 0 -2 -2 2 2 2 0 0
1 centered 0 -1 0 0 1 -3 3 -1 1 1 0 0 -1 0 0 0 0 0 -2 -3 -2 -2 2 3 4 0
1 centered 0 1 2 2 0 0 0 0 0 0 -1 0 0 1 0 2 -2 0 0 -3 -3 2 2 2 -6 1
1 centered 0 0 0 0 0 -1 2 0 -1 0 0 0 -2 2 0 -1 -1 -2 -2 -4 4 1 3 -1 3 0
1 centered 0 2 1 0 2 1 1 0 -2 0 0 0 0 0 0 0 0 -2 -3 -2 -2 -2 -2 4 4 0
1 centered 0 5 -3 7 -2 -2 2 1 0 -1 0 0 0 0 0 0 0 0 0 -2 -2 -3 0 0 0 0
1 centered 0 -5 2 2 -3 2 2 2 1 1 0 1 -2 1 0 0 0 -2 0 -3 0 1 0 0 0 0
1 centered 0 0 0 0 0 -2 3 1 2 0 0 0 -5 2 0 0 1 -3 0 -3 -2 2 2 0 2 0
1 centered 1 0 -2 -2 3 -2 3 -1 4 0 1 1 -1 2 0 1 0 0 0 -3 -2 0 -1 0 0 0
1 centered 0 -2 0 2 -5 2 4 2 2 2 0 0 0 0 1 0 0 0 0 -2 0 -2 -2 -2 0 0
1 centered 0 -2 -1 0 -2 -2 5 1 3 0 0 0 -2 4 0 0 0 -2 2 -3 -1 0 0 0 0 0
1 centered 0 -2 0 0 0 -1 0 -1 0 3 1 0 0 0 0 0 0 0 -2 -4 3 -3 3 -2 4 1
1 centered 1 -2 3 6 -5 3 2 0 0 0 -1 0 0 0 1 0 0 0 0 0 0 -2 -2 -2 0 0
1 centered 0 3 2 1 2 0 0 0 0 0 0 0 0 0 0 -1 -1 -2 -2 -2 -3 -2 4 3 -2 0
1 centered 0 0 0 0 1 1 2 0 2 0 0 -1 0 1 -2 0 -2 -2 -2 -5 3 3 -1 2 0 0
1 centered 0 -5 -2 -2 2 2 2 2 2 0 2 0 0 0 0 1 1 0 0 0 0 -3 -1 -1 -1 1
1 centered 0 0 0 0 0 1 3 -2 2 0 0 0 -2 2 0 0 -1 -2 -2 -3 -1 -2 1 2 3 1
