# snake - seed positions (build_family_seeds.py, seed 1).
# One position per line: cube_value cube_owner board(26 ints).
# 0 from money/pasko benchmark decisions (with cube), 73 from piles / synthetic (cube centred).
1 centered 0 0 0 0 0 0 -1 0 0 0 0 0 0 1 0 0 0 3 3 2 2 2 2 -5 -9 0
1 centered 0 -1 0 0 0 0 0 0 0 0 0 0 0 1 1 0 0 3 3 3 2 2 -5 -5 -4 0
1 centered 0 0 0 0 0 0 -1 0 0 0 0 0 0 1 0 0 0 3 3 2 2 2 2 -7 -7 0
1 centered 0 -1 0 0 0 0 0 0 0 0 0 0 0 1 0 3 3 2 2 2 2 0 -5 -5 -4 0
1 centered 0 0 0 0 0 -1 0 0 0 0 0 0 0 1 1 1 0 3 3 3 3 0 0 -5 -9 0
1 centered 1 0 0 0 0 0 0 0 0 0 0 0 0 1 1 0 3 3 3 2 2 0 -5 -5 -4 0
1 centered 0 0 -1 0 0 0 0 0 0 0 0 0 0 1 1 0 0 3 3 3 2 2 0 -5 -9 0
1 centered 0 0 0 0 0 0 -1 0 0 0 0 0 0 1 1 3 3 3 2 2 0 0 -6 -5 -3 0
1 centered 0 0 0 0 0 -1 0 0 0 0 0 0 0 1 1 3 3 3 2 2 0 0 0 -5 -9 0
1 centered 0 0 0 0 0 -1 0 0 0 0 0 0 0 1 1 0 0 0 3 3 3 2 2 -7 -7 0
1 centered 0 0 0 0 0 -1 0 0 0 0 0 0 0 1 1 3 3 3 3 0 0 0 1 -9 -5 0
1 centered 0 0 0 0 -1 0 0 0 0 0 0 0 0 1 0 0 3 3 2 2 2 2 0 -5 -9 0
1 centered 0 -1 0 0 0 0 0 0 0 0 0 0 0 1 0 0 3 3 2 2 2 2 -6 -5 -3 0
1 centered 0 0 0 0 -1 0 0 0 0 0 0 0 0 1 1 0 0 3 3 3 2 2 -6 -5 -3 0
1 centered 1 0 0 0 0 0 0 0 0 0 0 0 0 1 0 0 3 3 2 2 2 2 0 -9 -5 0
1 centered 0 0 0 0 -1 0 0 0 0 0 0 0 0 1 1 1 0 3 3 3 3 0 -6 -5 -3 0
1 centered 0 0 -1 0 0 0 0 0 0 0 0 0 0 1 1 0 0 3 3 3 2 2 0 -7 -7 0
1 centered 0 0 -1 0 0 0 0 0 0 0 0 0 0 1 1 1 0 0 3 3 3 3 0 -7 -7 0
1 centered 0 0 0 -1 0 0 0 0 0 0 0 0 0 1 1 3 3 3 3 0 0 0 1 -9 -5 0
1 centered 0 0 0 0 0 -1 0 0 0 0 0 0 0 1 1 0 0 3 3 3 2 2 0 -7 -7 0
1 centered 1 0 0 0 0 0 0 0 0 0 0 0 0 1 1 1 3 3 3 3 0 0 -6 -5 -3 0
1 centered 0 -1 0 0 0 0 0 0 0 0 0 0 0 1 1 1 0 0 3 3 3 3 -5 -5 -4 0
1 centered 0 0 0 0 0 -1 0 0 0 0 0 0 0 1 1 3 3 3 3 0 0 0 1 -5 -9 0
1 centered 0 0 -1 0 0 0 0 0 0 0 0 0 0 1 1 0 3 3 3 2 2 0 0 -5 -9 0
1 centered 0 0 0 0 0 -1 0 0 0 0 0 0 0 1 1 3 3 3 2 2 0 0 0 -7 -7 0
1 centered 0 0 0 -1 0 0 0 0 0 0 0 0 0 1 1 3 3 3 3 0 0 0 1 -7 -7 0
1 centered 1 0 0 0 0 0 0 0 0 0 0 0 0 1 1 1 0 3 3 3 3 0 -6 -5 -3 0
1 centered 0 0 -1 0 0 0 0 0 0 0 0 0 0 1 1 1 3 3 3 3 0 0 -6 -5 -3 0
1 centered 0 0 0 0 -1 0 0 0 0 0 0 0 0 1 0 0 3 3 2 2 2 2 -5 -5 -4 0
1 centered 0 0 -1 0 0 0 0 0 0 0 0 0 0 1 0 0 3 3 2 2 2 2 -5 -5 -4 0
1 centered 0 0 -1 0 0 0 0 0 0 0 0 0 0 1 1 1 0 0 3 3 3 3 -6 -5 -3 0
1 centered 1 0 0 0 0 0 0 0 0 0 0 0 0 1 0 0 3 3 2 2 2 2 0 -5 -9 0
1 centered 0 0 -1 0 0 0 0 0 0 0 0 0 0 1 1 3 3 3 2 2 0 0 0 -7 -7 0
1 centered 0 0 0 0 0 0 -1 0 0 0 0 0 0 1 1 1 0 3 3 3 3 0 0 -9 -5 0
1 centered 0 0 0 -1 0 0 0 0 0 0 0 0 0 1 1 1 0 0 3 3 3 3 -6 -5 -3 0
1 centered 0 0 0 0 -1 0 0 0 0 0 0 0 0 1 1 1 0 0 3 3 3 3 -6 -5 -3 0
1 centered 0 -1 0 0 0 0 0 0 0 0 0 0 0 1 1 0 3 3 3 2 2 0 0 -7 -7 0
1 centered 0 0 0 0 -1 0 0 0 0 0 0 0 0 1 0 0 3 3 2 2 2 2 -6 -5 -3 0
1 centered 0 0 0 -1 0 0 0 0 0 0 0 0 0 1 1 1 0 3 3 3 3 0 -6 -5 -3 0
1 centered 0 -1 0 0 0 0 0 0 0 0 0 0 0 1 0 3 3 2 2 2 2 0 0 -5 -9 0
1 centered 0 0 0 0 0 0 -1 0 0 0 0 0 3 1 0 1 1 1 0 2 2 2 2 0 -12 0
1 centered 0 0 0 0 0 0 -1 0 0 0 0 0 3 0 0 1 1 0 1 3 2 2 2 0 -12 0
1 centered 0 -2 -2 -2 -2 4 6 1 0 -4 1 1 0 0 1 0 -1 -1 0 1 0 -1 0 0 0 0
1 centered 2 0 2 2 0 1 0 0 0 0 0 0 0 1 0 1 0 0 -2 -8 2 2 2 2 -3 0
1 centered 0 1 1 0 -1 2 1 0 1 0 0 0 0 0 0 0 0 1 -3 -5 -6 2 2 2 2 0
1 centered 0 0 2 2 0 -1 0 0 0 0 -1 0 0 0 0 2 0 -1 -2 -7 2 3 2 2 -3 0
1 centered 0 1 1 0 -1 2 1 0 0 0 1 0 1 0 0 0 0 0 -3 -5 -6 2 2 2 2 0
1 centered 0 0 -1 0 0 0 3 0 1 0 0 0 0 2 0 0 0 0 2 2 3 2 -3 -7 0 0
1 centered 0 12 0 -2 -2 -2 -2 0 -1 -1 -1 0 -1 -3 0 0 0 0 0 1 0 0 0 0 0 0
1 centered 0 0 0 0 -1 2 2 0 0 0 0 0 1 1 0 0 1 -1 0 -11 2 2 2 2 -2 0
1 centered 0 -2 -2 -2 -2 6 5 3 -1 -1 0 0 0 0 0 0 0 0 0 -1 -2 1 0 -1 -1 0
1 centered 1 0 0 1 2 2 1 0 0 0 0 0 0 0 0 0 -2 1 -1 -7 2 2 2 2 -4 0
1 centered 0 12 0 -2 -2 -2 -3 -1 0 -1 -1 0 0 -3 0 0 0 0 0 1 0 0 0 0 0 0
1 centered 0 0 0 0 1 0 -1 0 0 0 1 -1 1 0 -1 -1 4 0 -1 -6 -4 2 2 2 2 0
1 centered 1 0 0 0 0 0 0 0 0 0 0 0 3 0 0 1 1 0 1 3 2 2 2 0 -12 0
1 centered 1 1 1 0 1 1 1 0 0 0 0 1 0 0 0 0 1 0 -3 -5 -6 2 2 2 2 0
1 centered 0 1 1 0 -1 2 1 0 0 0 0 0 0 0 0 0 1 1 -3 -5 -6 2 2 2 2 0
1 centered 1 0 2 2 0 -1 0 0 0 0 0 0 0 1 0 1 0 0 -2 -8 2 2 2 2 -3 1
1 centered 0 0 0 0 1 0 -1 0 1 1 0 -1 0 0 -1 -1 4 0 -1 -6 -4 2 2 2 2 0
1 centered 0 0 2 2 0 -1 0 0 0 1 0 0 0 1 0 -1 0 0 -2 -8 2 3 2 2 -3 0
1 centered 1 1 1 0 1 2 1 0 0 0 0 0 0 0 0 0 1 0 -4 -4 -6 2 2 2 2 0
1 centered 0 3 -2 -2 -3 -2 7 2 1 0 0 0 -1 0 0 1 -1 0 0 0 1 0 -2 -2 0 0
1 centered 0 0 7 3 -2 -3 -2 -2 0 0 0 0 -2 0 0 0 0 -1 0 -3 0 0 0 1 0 0
1 centered 0 -2 -2 -2 -2 4 6 1 0 -4 1 1 0 -1 1 -1 0 0 0 1 0 -1 0 0 0 0
1 centered 0 1 1 0 -1 2 1 0 0 0 0 0 0 0 0 0 1 0 -3 -5 -6 2 2 2 2 1
1 centered 0 2 -2 -2 -2 -2 11 0 1 -1 0 0 -1 -1 0 0 0 0 0 -2 -2 1 0 0 0 0
1 centered 1 1 1 0 1 1 1 0 0 0 1 0 0 0 0 0 0 1 -3 -5 -6 2 2 2 2 0
1 centered 2 4 -2 -2 -2 -2 7 1 1 1 0 0 0 0 0 0 0 0 0 1 -2 -2 -1 0 0 0
1 centered 1 -2 -2 -2 -2 6 5 3 0 -1 0 0 0 0 0 0 0 0 0 -1 -2 1 0 -1 -1 0
1 centered 1 0 0 0 0 1 2 0 0 0 0 0 0 0 0 -1 -2 1 -1 -8 3 2 3 3 -2 0
1 centered 0 3 -2 -2 -3 -2 7 2 1 0 -2 0 0 0 0 1 0 0 0 0 1 0 -2 -2 0 0
1 centered 0 0 2 2 0 -1 0 0 0 1 -1 0 0 1 0 0 0 -1 -2 -7 2 3 2 2 -3 0
1 centered 1 0 0 0 0 0 0 0 0 0 0 0 3 1 0 1 1 1 0 2 2 2 2 0 -12 0
